1000000000  
1000000010  
1000000100  
1000000110  
1000001000  
1000001010  
1000001100  
1000001110  
1000010000  
1000010010  
1000010100  
1000010110  
1000011000  
1000011010  
1000011100  
1000011110  
1000100000  
1000100010  
1000100100  
1000100110  
1000101000  
1000101010  
1000101100  
1000101110  
1000110000  
1000110010  
1000110100  
1000110110  
1000111000  
1000111010  
1000111100  
1000111110  
1001000000  
1001000010  
1001000100  
1001000110  
1001001000  
1001001010  
1001001100  
1001001110  
1001010000  
1001010010  
1001010100  
1001010110  
1001011000  
1001011010  
1001011100  
1001011110  
1001100000  
1001100010  
1001100100  
1001100110  
1001101000  
1001101010  
1001101100  
1001101110  
1001110000  
1001110010  
1001110100  
1001110110  
1001111000  
1001111010  
1001111100  
1001111110  
1010000000  
1010000010  
1010000100  
1010000110  
1010001000  
1010001010  
1010001100  
1010001110  
1010010000  
1010010010  
1010010100  
1010010110  
1010011000  
1010011010  
1010011100  
1010011110  
1010100000  
1010100010  
1010100100  
1010100110  
1010101000  
1010101010  
1010101100  
1010101110  
1010110000  
1010110010  
1010110100  
1010110110  
1010111000  
1010111010  
1010111100  
1010111110  
1011000000  
1011000010  
1011000100  
1011000110  
1011001000  
1011001010  
1011001100  
1011001110  
1011010000  
1011010010  
1011010100  
1011010110  
1011011000  
1011011010  
1011011100  
1011011110  
1011100000  
1011100010  
1011100100  
1011100110  
1011101000  
1011101010  
1011101100  
1011101110  
1011110000  
1011110010  
1011110100  
1011110110  
1011111000  
1011111010  
1011111100  
1011111110  
1100000000  
1100000010  
1100000100  
1100000110  
1100001000  
1100001010  
1100001100  
1100001110  
1100010000  
1100010010  
1100010100  
1100010110  
1100011000  
1100011010  
1100011100  
1100011110  
1100100000  
1100100010  
1100100100  
1100100110  
1100101000  
1100101010  
1100101100  
1100101110  
1100110000  
1100110010  
1100110100  
1100110110  
1100111000  
1100111010  
1100111100  
1100111110  
1101000000  
1101000010  
1101000100  
1101000110  
1101001000  
1101001010  
1101001100  
1101001110  
1101010000  
1101010010  
1101010100  
1101010110  
1101011000  
1101011010  
1101011100  
1101011110  
1101100000  
1101100010  
1101100100  
1101100110  
1101101000  
1101101010  
1101101100  
1101101110  
1101110000  
1101110010  
1101110100  
1101110110  
1101111000  
1101111010  
1101111100  
1101111110  
1110000000  
1110000010  
1110000100  
1110000110  
1110001000  
1110001010  
1110001100  
1110001110  
1110010000  
1110010010  
1110010100  
1110010110  
1110011000  
1110011010  
1110011100  
1110011110  
1110100000  
1110100010  
1110100100  
1110100110  
1110101000  
1110101010  
1110101100  
1110101110  
1110110000  
1110110010  
1110110100  
1110110110  
1110111000  
1110111010  
1110111100  
1110111110  
1111000000  
1111000010  
1111000100  
1111000110  
1111001000  
1111001010  
1111001100  
1111001110  
1111010000  
1111010010  
1111010100  
1111010110  
1111011000  
1111011010  
1111011100  
1111011110  
1111100000  
1111100010  
1111100100  
1111100110  
1111101000  
1111101010  
1111101100  
1111101110  
1111110000  
1111110010  
1111110100  
1111110110  
1111111000  
1111111010  
1111111100  
1111111110  
